%YAML:1.0
    selectedFeatureSet: !!opencv-matrix
        rows: 1
        cols: 20
        dt: f
        data: [ 4.000000, 56.000000, 59.000000, 
            93.000000, 95.000000, 118.000000, 128.000000, 
            177.000000, 237.000000, 255.000000, 260.000000, 
            285.000000, 308.000000, 313.000000, 340.000000, 
            353.000000, 355.000000, 390.000000, 395.000000, 
            413.000000]
    FeatureLocations: !!opencv-matrix
        rows: 20
        cols: 4
        dt: f
        data: [ 1.890050, 24.508246, -2.011967, 
            13.455797, -2.662542, 6.241463, -29.958644, 
            10.522916, -2.943532, 114.627033, 81.187539, 
            -55.648920, -1.692754, 32.570160, 32.467494, 
            55.250071, 2.671561, 17.598444, -18.541295, 
            12.016862, 1.023840, 33.863243, -28.284808, 
            72.470531, 1.199357, 20.448032, -108.353522, 
            -97.312954, 3.269045, 61.409729, -29.900446, 
            57.122054, -2.105078, 86.720908, -19.646659, 
            -4.776712, -0.152129, 5.432628, 54.444692, 
            46.890096, -0.046996, 53.845562, -23.729967, 
            48.261023, 2.159573, 6.916131, 53.439928, 
            -7.253718, -0.110889, 6.104579, -26.892818, 
            68.233771, -1.135718, 75.762400, -31.857540, 
            -93.819324, -2.797354, 19.563194, 124.110428, 
            105.962512, 2.895673, 0.980104, 8.931815, 
            62.578801, 3.624591, 42.129071, 63.283391, 
            -11.967328, -1.246857, 32.351083, 36.490817, 
            -7.317956, -0.557050, 33.460227, -24.566385, 
            78.750121, -3.543379, 27.664299, -61.124783, 
            18.587598]
    FeatureUncertainties: !!opencv-matrix
        rows: 20
        cols: 4
        dt: f
        data: [ 1.387039, 230.341731, 209.153032, 
            1.231908, 1.404082, 17.041387, 58.699691, 
            16.743105, 4.815646, 121.999013, 2.214644, 
            15.313593, 2.203655, 17.970233, 367.796765, 
            44.714954, 3.351766, 1.844354, 16.144840, 
            5.096112, 6.844327, 6.762529, 4.246423, 
            62.848213, 1.562445, 14.085385, 21.969034, 
            204.162205, 11.295951, 30.040520, 399.940793, 
            218.652504, 1.139513, 85.240800, 5.284690, 
            3.800435, 3.040103, 58.397287, 401.950118, 
            116.149682, 8.463173, 2.099023, 14.922561, 
            9.226580, 14.642882, 4.004323, 161.775463, 
            127.410502, 1.649107, 48.760467, 5.501171, 
            336.752939, 13.757954, 10.137450, 45.902615, 
            266.570147, 4.569441, 21.564984, 340.664273, 
            51.483443, 3.612314, 42.209337, 34.333073, 
            2.486446, 11.995356, 2.232389, 5.274220, 
            18.147986, 9.217243, 16.328722, 46.582626, 
            90.958038, 5.469150, 11.724494, 30.921996, 
            12.893331, 1.103773, 148.121493, 8.161001, 
            12.506097]
    featureWeightsVector: !!opencv-matrix
        rows: 21
        cols: 1
        dt: f
        data: [ -986.567624, 25.590517, -79.682607, 
            59.336978, 58.815943, 90.853823, 63.179976, 
            -2861650.810717, -7.156070, 191.164002, 20.048907, 
            113.033523, 29.615668, -67.347027, 8.802497, 
            -654.473517, 608.974514, 37315063.726903, -10.846134, 
            -28600.542114, 46.494338]
    relativeEdgeDescriptors: !!opencv-matrix
        rows: 1
        cols: 4
        dt: f
        data: [ 3.000000, 4.000000, 1.000000, 
            2.000000]
