%YAML:1.0
    selectedFeatureSet: !!opencv-matrix
        rows: 1
        cols: 30
        dt: f
        data: [ 25.000000, 40.000000, 191.000000, 
            256.000000, 288.000000, 355.000000, 396.000000, 
            425.000000, 500.000000, 510.000000, 523.000000, 
            538.000000, 555.000000, 558.000000, 570.000000, 
            615.000000, 642.000000, 668.000000, 741.000000, 
            779.000000, 802.000000, 806.000000, 812.000000, 
            842.000000, 857.000000, 935.000000, 940.000000, 
            948.000000, 980.000000, 994.000000]
    FeatureLocations: !!opencv-matrix
        rows: 30
        cols: 5
        dt: f
        data: [ 3.436440, 8.838783, 37.754642, 
            -21.918725, -1.497316, -2.361096, 21.445042, 
            -19.168040, -28.241488, -0.243015, -1.931240, 
            75.041187, -9.463348, 53.885389, -1.017945, 
            3.387082, 59.229989, -122.512611, -54.822578, 
            -0.310841, -2.225538, 82.076255, -73.350229, 
            -54.587521, -2.901480, -2.352731, 78.777913, 
            10.593846, 104.790705, -1.070821, -1.838639, 
            41.938238, 3.425934, -83.648216, -1.738560, 
            -2.945612, 85.747095, -90.979424, -77.553016, 
            -0.081446, 0.875883, 92.037972, -12.055884, 
            34.144699, -0.090111, 1.868087, 44.695384, 
            -57.066823, -77.059934, -0.872395, 2.892442, 
            7.804475, -75.740477, -43.154564, -0.660133, 
            -2.511512, 10.547371, 3.064377, -40.966950, 
            -0.664472, -1.272075, 113.658750, 75.577602, 
            -123.735392, -1.732857, -0.632227, 88.892597, 
            -118.206084, 53.029318, -2.857250, 2.321344, 
            73.787048, -8.558867, 115.388923, -1.434301, 
            -3.086270, 60.670051, -79.798355, 56.361109, 
            -2.028646, 2.062800, 9.332589, -54.665430, 
            -52.768395, -0.331169, 2.703506, 35.650784, 
            40.916569, -1.792727, -0.059563, -0.944558, 
            33.238487, 78.107278, -89.427994, -2.431862, 
            -1.786472, 82.359790, -32.187355, 78.481693, 
            -1.734711, -2.497958, 66.971957, -31.503886, 
            74.953014, -3.634624, 1.136591, 60.341295, 
            -20.306780, -6.321904, -3.957101, -0.204355, 
            19.986690, -32.637827, 45.144472, -2.321467, 
            -3.447292, 52.732789, 83.666770, 23.569878, 
            -1.549746, 2.965221, 60.888903, -15.401565, 
            -7.126155, -1.876221, -0.512136, 115.182637, 
            98.785277, 78.028781, -1.948651, 3.326673, 
            122.503535, -8.564391, 118.583516, -0.581078, 
            1.459248, 45.745304, -28.445309, 108.719820, 
            -2.301951, -3.764266, 27.439646, -56.089408, 
            3.280019, -0.257084, -3.101335, 109.063455, 
            98.919612, 20.879054, -2.212771]
    FeatureUncertainties: !!opencv-matrix
        rows: 30
        cols: 5
        dt: f
        data: [ 10.275963, 95.828754, 1.440143, 
            9.820522, 1.105494, 2.053246, 65.080517, 
            5.990770, 4.007131, 2.641844, 7.538064, 
            4.253113, 118.040573, 3.830383, 0.335237, 
            2.236268, 181.063253, 214.956485, 3.092163, 
            0.526819, 3.971066, 15.745519, 15.084990, 
            9.760461, 0.710477, 12.779147, 50.470786, 
            181.970717, 335.001430, 0.428854, 4.598784, 
            2.411066, 25.469584, 466.954069, 0.805846, 
            3.023742, 23.225563, 4.792463, 9.354625, 
            0.240066, 4.673670, 67.102210, 3.387341, 
            110.452912, 4.251854, 4.202406, 47.976040, 
            7.868819, 1.531045, 0.312995, 1.817450, 
            7.520554, 91.604897, 38.466233, 1.300117, 
            2.243651, 11.670618, 171.712719, 1.343925, 
            0.557898, 10.027694, 98.156080, 19.699496, 
            14.632725, 4.547495, 1.592382, 31.120863, 
            10.031833, 128.332215, 2.482342, 14.188158, 
            173.028592, 2.783230, 5.652983, 0.664068, 
            5.652190, 3.162119, 460.299859, 2.794825, 
            7.061944, 8.082473, 11.964445, 59.113210, 
            153.565604, 0.127078, 8.613680, 1.852368, 
            97.001338, 1.790696, 1.068191, 3.346908, 
            4.652719, 33.913799, 34.784983, 1.739058, 
            6.769963, 51.077401, 3.734753, 57.117980, 
            1.454752, 9.450470, 34.278745, 132.926138, 
            1.050594, 0.978964, 15.813883, 1.398564, 
            5.600968, 81.970741, 5.495582, 2.314239, 
            1.099638, 318.814467, 29.391393, 7.683725, 
            3.189783, 1.099470, 45.501683, 395.338626, 
            5.553033, 15.689543, 98.602140, 67.058631, 
            2.120885, 0.757072, 14.692056, 5.215285, 
            396.143436, 2.408989, 2.618780, 12.940755, 
            5.870354, 1.899053, 13.178996, 0.291442, 
            2.166800, 197.022630, 35.301475, 385.380973, 
            7.156142, 8.651730, 21.091923, 38.685709, 
            9.646596, 4.416180, 15.278158, 132.041899, 
            13.446553, 214.207200, 1.186078]
    featureWeightsVector: !!opencv-matrix
        rows: 31
        cols: 1
        dt: f
        data: [ 3.070028, -598.178793, 83.311044, 
            143.415572, -14.539769, -0.040081, -1994.374914, 
            435.943507, -137.618092, 24.480159, 23.711563, 
            -200.343467, -123.174915, -125.139561, -29.573995, 
            -3038.167113, -9.750065, -9633.988066, -4.377136, 
            -1335.381574, 65.733399, 0.047751, -134.697781, 
            39.146055, -3.691629, -3473.096319, -88.599756, 
            205.171183, -5.000879, 0.338248, -147.953072]
    relativeEdgeDescriptors: !!opencv-matrix
        rows: 1
        cols: 5
        dt: f
        data: [ 3.000000, 4.000000, 1.000000, 
            2.000000, 5.000000]
